<PAD>
7792
837240
581131
1030656
1220011
968221
79747
266913
474675
222667
332929
42898
760651
762279
881890
755561
697742
158493
979713
1219589
1108057
10120
365865
31240
1125442
145611
509221
991700
1121849
493242
1274033
159592
206763
641588
699820
678940
1082966
1063159
501313
544072
1120647
249303
852788
163882
807565
1252114
178976
1122654
1007781
394856
75959
119827
166965
623194
1223643
433631
390051
1269463
793790
1035431
1160791
953821
797945
568408
1064459
556634
758892
750606
538313
611112
365754
569999
386284
626254
42610
1188406
649585
1055727
18841
720160
420804
839598
473628
1136007
721845
1057842
390737
165432
994077
1017514
732391
430931
1216909
494222
887082
998012
62534
628499
979583
964907
828585
547877
499065
247092
360394
1219505
599682
206394
484473
862363
760667
1136931
1159480
909573
1231714
1105455
1223861
669302
875695
643423
664699
1209583
626902
383866
420000
313405
196019
1232729
836872
486279
779285
793630
468653
299237
788037
590921
177669
435522
459347
666906
973420
1225585
572805
124790
597295
146911
826453
984047
559442
206692
180386
768900
186887
342009
433802
371412
449970
861744
1273519
105340
830707
1017095
850377
415283
1120331
798177
780230
272235
1022665
983951
1019450
639060
258493
68696
28352
838536
737544
955883
337797
1261099
337598
204426
324149
1230324
1177293
235615
285876
291949
504767
1037539
1262723
679073
41345
1004858
822268
928594
103127
1158830
449525
1010033
1234539
212163
60128
1199983
625647
905418
262156
636219
1209331
1205281
315822
988730
112530
1139063
57871
1161763
1165265
1058423
490538
898312
1002079
876762
1233168
915677
290328
348926
1150026
537700
1113018
616873
99552
1140759
157530
129532
70637
758098
269807
1220165
89539
331227
1180622
753262
106357
272718
942897
790700
893686
1108822
268876
506849
676158
326498
549139
1155302
286936
178724
489094
1222182
263884
893126
184021
595261
1016718
633152
1106142
617883
471748
773255
229154
796870
316300
259415
378979
953800
59456
562056
700959
1046218
928395
140141
174103
1073727
540186
603367
981094
1197553
177571
970713
456335
1124351
995243
484968
115995
1206507
828236
542587
202894
1075070
737533
26533
490286
1210194
177198
6437
260016
1215971
1068835
351076
935428
350937
527455
1225553
570373
605972
914012
536530
578154
230719
548218
809455
412657
1225691
744866
105337
482578
422632
1117210
518106
979324
799951
195356
585998
777564
361264
1122688
622528
330242
849828
219953
1140516
854549
593192
527957
462208
950150
1172361
87936
1274148
1002824
4665
171803
126111
654372
226739
763491
975704
803607
486229
545638
661985
1109214
332232
961786
663773
1252069
918076
957317
520805
208154
989663
1226221
93932
42903
730105
426236
603710
518445
537848
1219032
265484
360600
345037
1141594
263861
132960
601396
1116875
600462
1126775
376591
450405
472236
143738
1218217
3211
925120
316709
476146
534723
326505
156426
487625
114495
600254
686990
770757
292474
287765
21879
1103224
1242140
175475
55736
358925
204590
835198
104086
78249
862965
839821
333061
821297
1167313
742183
201130
1125206
1140778
815704
960862
122566
1266092
1087134
718474
73234
236166
1057970
622428
314007
508473
679500
902663
414420
484565
1000712
1204721
170331
297797
676941
548507
530023
647476
2890
409862
998335
631021
823142
28706
21350
919918
818144
42789
144360
967671
284663
960694
15602
520285
674674
1200335
940445
903060
295821
766202
985531
394336
168307
68790
914039
936423
26872
310859
1263682
932522
383295
932372
695381
843217
105022
1087704
65669
1107998
1186596
402386
1094565
1218166
1173724
1250524
486215
9574
1123914
493552
146447
986327
1238107
20547
309595
974701
707023
975571
1096575
1076236
133528
133731
1238054
15318
465761
91645
326218
812453
861622
453516
336592
98211
333870
389237
288249
977266
121255
1019055
1097341
857711
871428
923072
534703
190578
439580
255226
449838
140430
1108159
514824
643843
563158
905056
901380
1176599
1187656
100053
713747
29924
735627
126122
1016350
811097
1276540
316275
924220
572766
313996
750867
819230
1274632
607202
262206
1012955
1139354
1169505
153302
31757
744841
550791
891719
51210
1131623
1250888
407052
26179
125310
1253045
658597
660242
393322
686051
460492
1142636
139922
397739
394259
604455
721432
1022616
796797
882491
481583
1043700
360364
1070485
235373
251131
361985
1159605
1264917
19306
495163
610719
1091793
495296
179640
124887
829302
1014994
268683
484671
93042
524569
525960
734846
1083907
265988
1191748
921820
1103771
559909
1101732
690980
313239
1049548
34048
9916
846763
159560
967631
1235898
695553
724386
734011
1167722
747661
1194229
654975
501118
896685
226278
462287
498390
30627
1201957
122455
38280
532914
68160
954965
612783
583747
376855
275813
396393
436955
194922
1268524
1168221
1033204
1025490
418166
475766
773094
664581
512300
40862
841134
651973
40494
319764
425724
707703
175768
871977
746379
293272
607120
303215
899960
461165
258373
1240468
490859
61039
604105
1077650
228827
399668
1178821
1194702
499288
706580
513406
82849
695642
116849
189401
490311
440324
570900
851280
704585
138292
457213
137414
658824
47128
1036815
818333
285352
92251
234178
1096353
442871
647942
187170
197634
1014082
629093
826392
1080395
329680
559482
221241
264974
598604
67096
1106636
1072243
1186178
349430
404951
354809
878238
966819
777130
937934
587351
1115109
847059
113290
393627
514351
852015
64489
800961
528436
1204356
910479
651455
737612
482098
389346
800840
849415
67349
140193
327158
616994
84528
380349
956417
850370
1035104
848367
292286
615799
603902
371300
951085
1275496
544109
32020
138639
747053
13668
496899
636025
787102
706499
1043671
873355
204987
1089476
963451
243891
410256
732627
1060170
528799
500239
566220
1238441
1128431
879592
186601
1030191
313506
1159911
417190
45591
446312
842764
387708
471443
1169891
1233554
1253150
498051
739323
1033708
529134
12628
204365
667300
725232
906756
876463
616786
278708
416419
452751
760890
584181
943589
672543
270476
379046
1038275
666182
920912
1121017
276639
907327
412347
348824
569147
182130
243930
563480
680154
296379
1142502
219366
969866
23543
355239
471545
350860
1276369
690519
940934
841133
267264
715931
646742
249462
1111942
1098343
171143
807806
884048
102134
1080029
1158038
99261
516451
256987
1216105
472252
618310
1231887
507306
1243149
919763
1197511
663425
1098456
1064525
457848
865349
670052
825496
1020724
335169
285569
865388
506376
707274
1091056
546827
887468
1226942
669236
619513
963518
581059
460552
860679
43709
924004
911283
466409
555819
736199
1203070
649471
181675
535002
1059994
516612
549983
830435
17196
596132
698289
1215246
907560
263634
1254333
1103812
986218
494226
1071095
13
1005139
23355
755289
946270
670411
1236753
1204379
183329
45680
55499
1061950
1024108
793354
1271111
998867
510417
566742
473865
1147125
75592
749531
480845
638900
683971
1233637
197886
418696
327203
785835
226345
762859
548576
1160464
322926
633931
1223640
860822
258775
762533
831159
715003
1113185
620524
79840
137572
553691
876186
726844
1213861
704757
875587
243835
620843
1207412
240433
584418
704108
9155
1200623
247077
681932
325501
65672
1123842
789434
868779
529435
1088009
540981
1244134
233534
442844
733154
1061961
180158
808732
410346
409285
134738
744819
404157
338553
1029630
878435
941291
743139
251046
895138
567403
272575
551872
727489
110562
387321
702100
311819
1125799
1259474
878425
756882
287926
875399
172207
133408
233100
230592
1265303
744180
239992
331697
1100129
4889
643917
255832
177053
1044155
703393
242905
1018169
641396
1004267
606023
514510
563855
486095
586065
197337
1123801
214087
874799
607448
65432
1272965
410340
291456
1021171
359356
155248
983610
428834
306028
1148868
455378
1212404
44781
11828
455554
983909
149300
1042245
653214
506247
54526
316924
453271
396208
877690
924182
613628
1122569
229059
656831
690659
721502
1248811
478062
96895
618608
275596
306807
5423
1234137
1108951
611448
1064363
780314
862198
56101
235317
509946
523738
457311
841705
904624
566896
1226459
669032
532524
403970
101107
264188
842072
654176
526141
1032553
243428
1279492
1099084
894952
991598
528784
275659
1260946
475343
431375
526612
570574
812597
286057
132178
300835
134979
852866
986954
604430
951686
452961
408232
1232371
48091
230478
1041271
933944
3941
904173
606111
581088
993111
342505
174013
482049
1212860
739655
317784
212174
41890
1017164
851858
927498
344453
293908
446403
10985
229516
512836
322694
785412
1185428
355762
749990
220561
848114
779350
890813
908883
866033
184115
924693
988147
671564
756604
909868
1152151
1159050
1005797
307564
916286
180178
757748
7220
1190633
562218
1109946
483138
1100748
283948
417151
372290
259834
1250237
581775
500043
138601
662358
544300
892538
123904
488726
868633
29046
1220047
433357
521303
151126
200472
849522
933117
93712
1247521
945861
354163
446656
94030
138867
1066152
15766
219384
1265784
928040
1073718
463122
308828
1274957
502873
796981
688828
655764
790069
164700
144506
738779
277823
182700
156702
358305
569764
283402
839737
1056147
708570
966621
46275
821442
730224
365352
289686
588948
1111222
534368
589659
854576
109215
660014
529819
1242176
1233520
143281
957421
743851
107976
719696
704923
209907
689474
605888
955841
219488
682828
195827
847643
40555
259247
192554
742921
696885
598093
915373
1138396
954345
260376
820956
750008
1125260
177298
915094
487790
940121
189578
1259689
1172102
1236909
1208521
451877
996472
94045
662448
1093776
616836
803469
399874
1115452
1218216
276355
1179194
1274378
24468
742440
463820
669026
574699
783376
1109791
99887
274897
244015
968962
18426
191904
961228
856427
537196
1058638
448427
849662
524637
1116428
17126
499816
659743
759698
124863
315520
68836
637533
751233
1021446
694691
844897
276033
957598
622083
1249392
1190144
57097
1103316
1056301
263464
514915
1168023
481727
441138
332679
849079
818601
293947
340650
850666
738078
491118
523980
451501
991653
428798
709587
1107980
931844
194334
741094
1153803
236167
766712
112507
553885
191092
75874
748964
682495
662843
1022535
901876
464195
1250713
1241890
628587
888363
151130
521297
201931
455109
790871
710297
164260
111134
999514
707896
696893
1264024
1143677
315619
1275468
873419
1119566
584074
1141647
1052710
994103
705000
873230
585212
836887
318722
968890
312068
72184
431423
1034690
432596
803817
407657
952934
894612
1274974
87641
359657
132700
996173
690409
433645
502339
730478
651670
826455
509726
513640
977170
255075
143697
678454
1090490
553352
999197
567106
103648
562862
544562
523007
971281
397095
1208001
1205156
908539
912109
855437
84040
1099478
549715
70962
903075
476822
108973
289572
461744
441824
760713
504701
43151
1181341
1150959
688549
312399
732942
719982
488833
858430
156678
1138806
809888
887555
67180
883188
322397
982145
865510
563179
184485
744539
289027
760873
1054905
1191611
1086143
893462
241082
1122650
264438
1035402
836363
157753
189252
676542
798484
595304
367959
20105
1026486
401643
817220
835010
324189
1233920
284850
616082
1150332
350257
831904
1065511
9426
1230272
268505
397622
1209951
956170
726519
1032732
466095
437890
1091392
260976
426133
675698
508847
259422
825148
828765
991734
725152
614625
1083356
822536
1236853
466481
1048690
568789
856846
101032
198417
831703
138610
162939
911326
113075
522433
448654
691598
811325
370621
1179378
361466
952665
1013913
842588
204435
1196089
874999
478818
1165288
683658
216015
90139
419160
1237079
769608
187445
1113886
458197
1253481
324836
1088991
194057
137703
137466
432942
659462
143886
161104
1161910
70836
91125
246187
355580
896954
381359
61657
1022980
717809
1002098
291762
882867
574781
1248871
82826
375888
647006
1224005
518147
186162
479631
465970
888720
48734
349702
1251386
54189
57072
580363
1118173
490830
244785
217539
1034330
468403
830498
160507
1181686
59717
65419
938596
155706
939136
156536
466351
903387
198241
272211
431679
1096895
693357
481847
1190213
386569
840947
172167
527571
243780
431144
325125
165769
913490
840536
928165
586102
829723
347750
735122
268410
251040
191291
669826
1036205
415555
487575
841894
163817
315926
705370
1159930
1276225
808368
282783
588013
446293
749496
605929
132424
570039
795373
434860
998716
537096
1122962
407271
770902
988705
955933
927019
1040122
1164004
607038
1184457
405649
327402
53504
936769
696679
122167
966988
709284
1025620
1170823
731855
1197899
255373
584847
434137
663758
1099121
710131
1232402
875172
143454
395134
1215507
1040379
978131
1125457
518370
1241338
104858
955721
731480
562589
980451
754019
935827
65284
923551
904961
1016810
298833
758305
661884
1091362
975680
911455
515027
779400
193859
1118032
1064646
214428
942674
774432
1092529
388514
591664
767433
1067170
671984
1250047
1196765
817738
1172671
1040585
433236
126880
710280
899469
990754
913779
915040
694160
258530
1066456
70189
713312
1268151
441497
1001221
1042214
672477
871495
315970
266553
151943
1104514
19280
205723
700132
461909
445059
613476
613030
5017
957371
792140
589655
494879
420032
857187
139275
874879
799982
1248698
453693
572757
455740
764892
722558
639341
375225
500241
882222
656382
1085053
804941
1251023
439244
1219079
1161393
328717
390143
141529
872939
959539
31471
544882
94315
22328
320572
48626
477606
191394
177753
655891
92074
884350
523433
319619
947037
568421
919371
388786
761452
1213681
1197722
124156
12718
282904
346052
515151
440917
593232
557664
129886
401982
929056
1150609
469558
636399
612630
810829
598366
268338
138485
766576
377278
378541
748781
243390
677084
89255
712021
250160
902253
225257
820660
152059
1056759
1129339
143048
252884
561141
995865
306381
837752
1019800
149900
454230
790581
11517
608231
6143
882689
731011
147661
604121
1251368
820804
637684
843598
880998
227335
1046308
604353
1170443
67774
873254
985773
169667
625107
1002952
104189
910962
1135411
1127036
124462
757988
701029
370832
695836
1009224
998666
140352
453765
694848
92126
345459
1159491
465496
1129504
843130
55748
1208025
724346
157329
582824
1118360
291569
636429
377937
231468
1235696
1131084
1137715
547011
174198
57367
245001
1235080
632677
720055
592036
967736
915652
1097183
343034
771425
79785
695617
960864
708397
1228995
41841
139746
878513
954737
638327
1109243
757653
39848
791643
1185403
1140191
674898
633847
354209
854372
433018
1000554
1034897
819295
704005
1114890
1094314
481762
822172
799372
1203797
29668
209202
636767
336767
679242
776605
826929
207526
1070988
830808
1047153
619350
1099510
1145167
123359
504066
161433
1097152
996532
912855
225094
748729
272747
13946
1230358
306948
157557
233252
1090915
724624
1108390
936367
1104523
1061855
336074
918043
774656
1048945
1039340
202259
170835
1086971
1204519
1049905
1008876
1070449
160113
452953
1102310
251824
1245627
46200
258611
956248
67177
120042
856802
707797
393674
781791
1221680
346728
119673
190798
1008293
20042
349959
308719
1163988
143965
901874
1252592
787364
1010302
450215
957040
902205
892848
251191
644857
534180
163540
451822
1199764
1277063
711687
495894
40397
214061
880415
798125
1206
785495
1150115
600175
840045
869941
893995
634659
724432
191373
543712
1176703
236190
151656
512268
1123695
355066
85768
88023
295484
1228115
811160
622289
17302
502720
647104
38106
33217
949439
1163454
433815
1011331
296165
1012524
550981
581471
15830
227672
336084
54217
406798
1059640
1028092
35801
221970
667064
537766
657672
255842
518289
150445
1265539
197196
905127
448652
1053981
763682
259213
61235
528180
847326
641202
866508
951380
584317
1009926
366962
552693
591145
1102637
879519
848490
1265994
819605
210194
1262272
1278932
369059
643412
332896
188044
430272
875499
623518
90367
299391
953479
811557
867206
377785
1167930
213761
1262890
1175787
529832
1017462
232418
878327
782584
386874
833467
544839
589233
1232411
1154908
464702
750865
836
587003
669327
353520
1271707
1056048
100171
458772
1235129
1217792
1151480
106104
26903
1194919
136567
690316
893881
687168
910763
836345
697673
65795
347139
552840
345430
646847
459718
917169
1121726
333114
487033
916871
233654
1173797
909655
62099
654447
1101195
594655
38635
366953
119191
1190614
394119
759923
1237587
1149208
922550
241545
876347
813613
697381
834785
756071
1257988
841708
1236651
629413
402392
669497
284987
322896
822468
653041
1233066
843851
264340
90657
632289
783605
520982
557435
347627
879641
902003
779577
563910
1245914
505027
952582
370875
483904
1089615
992414
428396
1259858
416065
455520
1220556
853498
948657
1271081
373628
1277107
190447
8414
1214084
205278
528070
682773
702804
66536
182803
261254
475749
145444
406623
1165081
1139175
214619
210925
1082058
824788
1212932
65711
1005784
1220861
922446
1260438
594103
1099587
312667
78966
213111
869761
907448
189476
504123
22096
30047
29237
819024
1176437
421472
976285
832279
1129541
857614
435861
104422
1163866
505077
969646
691052
894538
1131631
1035673
150474
707939
175745
705671
889697
714049
311623
1124551
115099
1252714
973444
275206
603861
1046036
721524
915400
535311
365920
1004479
860187
971706
861608
727692
991111
573501
784633
850630
240637
239475
999268
1186186
255746
620006
1103278
1046855
856203
186967
878543
928793
703758
690683
284662
172245
1279553
318877
559374
572158
239980
567328
1089193
292069
1017785
430950
1106223
136983
32367
998542
496360
1049489
31221
1081602
476072
705455
631656
957532
498831
1049849
77974
871922
668915
482222
719153
1036899
1174295
1090927
214374
430449
639032
684412
967323
1239299
163293
494399
1159292
1174100
35898
455411
809282
1016561
282401
1144083
758307
578574
1208209
1165874
1184785
168361
1102471
720716
435296
1099003
903926
1143306
1040597
1081156
222132
382654
130513
129880
758180
70969
993123
250108
1084619
120183
167637
1067213
1168093
205030
731348
170222
37111
567111
741019
144960
339663
870007
707609
324555
971753
143900
549486
867960
487017
1183156
369419
247069
1036226
1130105
303884
705682
396015
934652
853273
521200
474977
62956
515511
630862
724980
67042
878885
799936
1113926
327600
470912
444230
180366
1191757
1201816
373912
183497
542343
1055964
123252
1078313
607043
610630
284942
854900
1200381
207260
117286
383946
536663
997383
693353
227587
1142110
170457
1207551
997509
476938
1037629
355223
958936
615998
1241404
270806
358837
490414
485621
844080
67842
842094
913624
564308
321189
1021560
500827
1169765
314465
314557
499381
281664
932003
603210
347147
623298
596200
869299
768576
478919
1225698
1203054
593309
967146
1089103
81209
1182887
726121
867357
1110762
160510
154644
606558
976136
916929
1006351
1276067
56823
460450
122440
444910
90608
434560
876652
776198
183583
756688
762110
47476
427400
631047
842296
762959
335774
432639
295509
729757
1164329
144860
1206298
680761
1060278
245148
1257645
555934
645084
13696
956646
829644
643882
540122
104697
871847
722771
528055
173487
771341
197981
124737
188484
674504
342537
739312
450423
456089
654988
206291
491458
339099
357692
986528
51466
969678
890592
335561
700577
344439
135402
1162175
10272
39786
224011
199184
1144549
1183844
1007845
274562
739722
332204
601778
445816
733415
798343
856694
131334
555845
1166229
833494
417929
794968
1207115
497347
993990
505519
529711
1008511
353428
665988
1055381
475291
1113978
1194978
17726
1169094
709450
71416
710317
817636
903308
377340
640379
1220648
1237891
499754
221597
984291
774652
844469
138807
1031137
3270
402104
603914
791789
465701
1219433
1270939
937017
1138964
441856
57353
608302
1223977
1133426
446916
780503
1200438
1093255
1015617
761832
860872
330753
1059182
1264919
388513
934942
479228
871268
658054
512121
628825
905935
261662
615476
791233
538310
477062
572848
884465
1030990
842573
735317
1034798
946190
402882
885997
881912
379745
834314
529474
913100
561435
404013
824970
1154210
1120052
312181
304232
897805
388193
454692
878055
938517
744864
111174
1277414
110097
621035
1201868
1052136
100927
851159
701522
1040493
178345
376657
483964
339961
559276
754660
820938
505034
631336
306865
763155
1138265
757606
32695
916401
808796
772029
566480
396966
349208
1026926
899786
304190
1219149
287859
427384
428728
500099
121598
1250387
836552
37174
534477
43030
441903
1233251
893162
535372
211309
784661
636141
1145298
362247
816228
652663
27079
408904
134614
258491
628884
440377
779311
92645
609895
580449
805296
200172
254869
956426
339439
747452
889629
584177
391450
1249227
305490
461210
371682
311205
72063
1047754
376778
350592
261831
633194
1130566
231523
603625
267299
1463
873411
336540
1050649
635594
269432
481788
315813
892787
537637
1186511
90968
946836
345063
28376
674677
759111
339626
866615
332907
644090
1268681
1045385
616516
2362
1178218
1271003
1019209
177367
530242
939619
755328
179282
101177
276776
813587
365097
204511
1253868
710162
959220
154067
683618
895615
1023847
1123130
890651
781552
835910
1161928
460521
902101
872910
386220
1266028
444619
999256
347367
1169989
124951
1225601
361094
415057
1121449
1159671
681345
1194958
963580
158597
931077
1008506
991650
140727
1043717
1194310
793204
447859
120108
116965
1246673
36669
1244181
199615
35982
287962
267265
295250
815530
999061
811811
989660
537624
592075
1264220
22232
851667
851215
739350
960851
403342
283032
169679
441685
803040
192140
722637
932550
327869
890372
601143
219623
1022327
398835
449850
806672
683387
547781
1132469
1135891
1183079
1108583
504841
1145517
900047
1085019
329005
215569
1011451
541096
691063
685566
1168099
467518
166894
1263488
796533
703630
1100446
1239128
596786
74189
565596
742494
623080
1218696
718200
384049
489818
536220
626167
776048
664235
1185736
883389
671953
1256292
62461
1039124
819839
523939
585243
807315
195076
285116
1061194
1067074
164827
880565
594088
320151
66402
946723
149726
996939
865413
1276057
168645
533101
15693
363075
14473
58664
900946
930394
947205
335109
156120
854402
875947
282997
460164
547369
877572
1078941
909942
423768
1255169
670900
81232
263410
19889
789532
1159871
569743
560022
1185555
721156
984211
107765
221398
110093
31166
241223
176315
1261756
528744
755440
71391
757232
931377
1095703
481856
1163099
83910
172073
560795
1181911
323120
661284
527832
481008
662466
837128
651521
641418
201795
1220666
828588
354792
591565
701244
278215
773696
412627
303442
828870
804824
308303
671041
1221517
643591
751738
20830
1132945
224309
1053989
66401
300255
784068
125867
1055279
630224
1016373
824655
945633
542877
572413
890139
1096400
853270
1133816
686677
363239
289887
1163422
472572
555892
61233
121433
997478
14563
1029049
836372
711424
1278728
704500
454783
911619
512512
1180678
309508
781179
1100071
363211
30025
1021301
653828
77355
242299
403293
661069
582838
632464
304655
1011550
319956
988368
911538
372097
883987
212097
1216907
650080
1173768
1264655
211698
227095
162174
462449
252185
506019
73200
255869
723046
50332
1091642
877008
103059
356291
216800
291277
1041384
292513
650274
1098003
133069
772950
123857
827477
600282
1030148
1239008
1106003
970989
1166495
167601
55182
345329
670490
136353
84783
214922
852940
499796
899594
505709
1162193
571979
725105
342238
627874
1104924
431914
208821
1225244
683593
1104431
1258075
299304
164335
862316
53635
1016962
661101
156301
348953
256966
915064
37364
864701
186237
1103271
540762
451853
216335
171858
329381
597471
784784
30313
197452
418640
472272
248712
655527
232751
558317
78000
909299
110722
820185
416739
965896
1276891
880160
703128
333126
865257
616382
830071
1248053
48331
489366
253265
327747
526810
597994
1261565
1071449
1088163
495059
122821
724245
428767
835341
669343
950214
712801
937214
985747
1217096
1029403
340833
401428
295360
548922
185693
703887
316188
778357
124412
25295
351732
122134
1082430
89251
989985
1274508
354229
417817
691594
721956
1071122
792695
1027928
310247
936884
352867
865382
141363
935955
968833
583884
442613
748992
999334
672160
611067
197560
245024
739982
534482
255022
75577
515708
756927
371569
1088047
583074
112359
1164352
1145915
993440
438332
106499
223230
316879
419751
390517
535533
69553
680130
234998
638348
145874
786709
223007
639087
600444
249118
381804
315007
39609
1085436
69791
455042
1123811
1240202
534091
1007453
704002
958480
1235897
164061
836701
509684
446509
1039233
171051
607733
632961
22615
1090035
405332
640319
680539
1138031
485191
582946
52101
1206152
532553
913978
181331
1229942
801209
96334
851127
671638
108662
940007
598746
678750
881584
922955
813518
1011831
137614
892120
940279
340831
1079205
827694
44239
216937
319108
671870
863483
134921
75775
536408
751317
562551
186794
544766
873712
1172569
1012884
744985
832685
966945
223751
379123
1128787
3993
36415
1109993
940538
168823
794708
1185650
683039
452547
938102
704525
543802
503307
4421
156375
1230143
854892
782980
127396
646557
129484
113586
572164
994120
887619
1212912
14689
932321
661728
170132
936472
973255
649494
747908
301853
1181221
1203096
259655
1136367
73626
67918
912443
1136833
25602
245364
1035758
1091450
769216
1110480
876396
988372
764289
197589
1046755
109710
237288
143719
429463
829397
363475
437600
675886
810910
737097
1244228
271002
879808
23884
924218
1014784
1720
1042339
482
755537
834362
1211252
119136
917361
236469
540433
1021043
504633
1141527
859418
1246125
1075937
1247260
873891
197315
347184
745977
388846
625314
802760
1156932
1227449
1078985
161739
156226
641160
1123785
480675
241046
1057857
317681
997896
118736
762215
851979
245796
1079644
764211
116294
829512
794373
903358
589605
919027
95770
596295
284620
168509
457864
1177353
1013869
538103
762721
1068197
450203
1129146
1205855
342615
892537
723623
928195
540066
792449
1050365
575881
1017042
311096
672403
130861
1124785
256081
1247091
213948
553278
1065706
770563
93350
1021734
392388
1279911
165674
391853
756
1150109
325573
1000689
1145426
701405
315617
634233
694084
129621
728036
280028
1277128
1255766
1163645
324147
361635
1024644
614578
640169
158527
729882
355197
1137821
1224329
1047461
394145
178072
771652
953207
675379
792531
910038
68456
425441
6731
735363
576849
1191821
73527
1023383
606861
257880
1218617
1272750
1050757
767308
114252
521962
1155526
1008911
576050
1140559
1211512
725712
318054
1030618
372423
92036
207917
391308
1137667
828458
685305
542932
384444
885013
1125395
663281
1166756
382751
556839
74478
417115
168739
215352
23244
300021
220790
119494
2817
263011
1183060
283247
1202089
337086
704989
629301
459957
1167341
563958
651408
400326
1038688
356544
1099303
809589
698148
629993
650959
462633
742372
1103617
395347
211939
49554
897824
434976
783955
1009034
509309
1040007
1240703
595079
262865
767796
586617
1188161
194491
635198
581669
257249
225354
894047
420800
633843
533586
712459
110636
1066184
1276443
895325
657895
589915
1115299
185724
869055
810908
874965
1227808
440616
55510
23179
501114
328275
33882
1040756
599753
1152981
1032820
143392
472503
1111418
913420
1154315
268236
900511
1104468
766402
1145108
700110
997858
1043767
16338
844635
15786
669838
74917
1203055
718318
809239
524038
578234
869921
1149905
648858
1086755
1234106
642436
394519
188565
616174
168809
284297
676468
75987
1104252
955198
1224832
272176
818285
572118
576020
15470
22978
200341
1262603
854314
407868
1214364
708316
36347
910743
85238
981580
276717
107126
902752
498353
133787
627482
629635
1224183
1225363
1205569
1183752
718515
540084
419808
1244371
215853
1138402
1263538
91328
141446
152405
1258024
47089
633214
855589
849394
1189461
315717
896317
722574
275286
828822
1251838
955970
1230807
481732
32603
962469
64320
15426
196398
295550
71856
1034219
666027
429461
499395
611763
996178
678595
217877
1246475
426642
394039
1265503
30028
28521
811017
945087
327585
189964
648736
975879
835965
893673
425572
721005
1227153
1250880
418646
923254
567968
942276
831688
816071
165403
1248352
600773
766944
1007621
926364
1033574
1008064
549039
580797
541775
456610
1131998
291345
56178
574269
202007
770202
1263370
339875
946272
74532
1078738
626362
61784
1248219
1273947
432398
670059
961070
1144248
1278174
834835
1026048
277539
378718
792491
76917
647590
1052911
138056
921158
564290
84702
450914
892867
970351
829176
582158
510615
812030
1078349
67751
1053541
783888
181648
816095
629942
1082652
1213727
162836
33272
387346
992517
1152692
774306
463464
633636
1199616
906650
30421
614584
991656
623640
588456
573357
143291
411379
1068995
1030448
697890
551659
77528
25701
72855
155346
906567
682578
94596
928009
810584
32321
1035579
1058331
459513
918637
992041
1178386
992542
361013
1097566
566321
1144229
68893
241796
1415
317270
982056
287466
804829
518225
708887
993487
318325
118395
1223880
388534
648838
353464
906228
598197
1228717
755700
326662
76480
579367
1106944
966354
1143732
655269
266979
633739
1066764
1132995
390654
710928
1086141
682131
1216809
244160
946928
515618
1062794
766876
286866
439735
1109078
319577
15633
104497
3267
9743
502247
980639
531308
93422
841138
161847
1265402
360012
892912
82356
565737
323735
1274022
235056
142785
1155233
1086849
529487
1129801
638751
228745
557980
689050
246603
1261284
589716
814168
701322
1224651
498675
652748
1141785
889278
550849
734532
567534
330614
199739
745083
42437
668407
397864
575025
937557
19296
29708
1098374
427495
122315
712508
22687
330462
587010
226929
1024133
946403
1199660
858202
1077780
967990
1143606
1246824
778945
1177169
970884
1022565
741664
619073
870555
168836
873597
1106766
452379
1120376
350934
517192
1190138
713832
164644
581556
365351
391241
408822
68188
595512
1022592
407126
1058495
465801
529460
522637
1139508
10227
639111
671437
1059497
731226
988603
197133
179892
622137
28865
891361
892750
910725
1094300
943785
810145
365844
498704
406456
866996
501279
104948
1145022
139097
699807
548556
228744
52949
543632
38225
564774
524597
286696
339447
315776
23276
674765
1221597
697960
253899
275198
224488
598712
612177
556706
285031
144409
15097
80961
391197
1043475
17509
1156847
408767
1248987
60803
205325
546966
1224521
740061
39057
1165352
1144329
881094
61127
524752
1081984
1087149
670265
463553
467191
1095631
653781
537741
387094
508391
631516
976922
560902
1198852
718573
555909
872572
211961
959162
28033
1116150
990650
411636
1090822
875376
524801
473474
685891
325005
302971
524015
179046
814082
252450
997816
27234
249227
996758
471796
134375
337412
1206944
1232855
1130448
953350
50116
1194337
285440
484130
767650
1070739
532069
395640
19211
562674
844944
375297
1261338
809763
1104683
399003
1144462
1046538
789886
1030675
455301
1271738
1113583
618956
984740
776475
610077
250471
743413
592275
64712
1013076
1077892
811868
1048718
839609
150199
506451
806758
389738
1200856
123949
435308
128832
733984
924165
735646
880120
639183
682543
853302
874335
587159
245318
588758
901591
649113
460602
360912
848172
864206
707433
895651
1022921
590843
303037
1086598
780231
77758
842708
1075884
932383
487629
13267
969254
683459
205394
34286
34244
732477
1266068
1206691
596851
595889
850716
1254492
1072981
412416
690423
598086
681998
1041306
1073308
444363
797834
347465
403475
1174304
729417
967794
156758
1145994
311576
30772
885546
742170
1186481
45394
1179222
279541
500878
881651
883243
828617
349889
1169263
896203
717910
1116947
1184845
701859
1206068
610293
655904
1264555
384195
274786
1196711
616437
18866
1168203
381323
1012124
376287
1080044
734159
955429
380849
335240
902125
441924
85417
496047
766837
335546
338150
861964
516885
545415
351622
289990
1068701
953556
1003572
421221
954588
396967
1183034
220674
431055
570335
746911
659798
219380
412927
361704
1014647
1100569
353275
934334
517299
71062
593632
1065295
1249293
578286
673779
811730
500414
272642
1093581
1087307
580723
747907
1171644
957190
347693
644257
25065
421255
503987
1134161
1012935
1202950
1142376
29213
215028
603124
377789
198687
1001462
200412
1065433
336090
1161298
650729
1229988
553860
671896
160229
641016
459434
861166
652662
727264
440327
375138
1120222
1248756
573533
179035
981399
1076509
1268099
1228309
881822
160945
1167128
687476
432704
689673
413571
1247028
957644
1230577
884398
405209
482788
102761
39404
721552
818450
709240
878317
836788
909720
258246
1155046
313966
1220505
944543
62127
153130
247452
888872
725735
648323
850496
709406
1031798
929566
1098097
638371
470106
890435
884662
1080060
686326
412698
787353
1250799
854531
620025
858392
526421
1192979
484660
875248
301812
1243354
1202404
594541
138846
1058655
375287
1167169
515866
756414
1097430
1152127
204406
908039
997075
561243
393946
245672
168596
886988
891357
699544
504945
446383
694752
542895
581934
254136
712348
102015
283920
1017085
989062
998569
667093
444461
1027064
627925
440936
64826
73431
363096
722028
739252
489776
436803
682750
997200
522798
716945
358992
84317
292449
463104
1130972
981261
552873
143726
655073
241630
457315
346592
712477
262051
940037
200158
949376
679297
1223418
1044116
1144700
1073569
586821
825465
403025
1186252
527546
366815
612983
714177
796327
9195
837650
1084657
557211
645981
946668
25793
589427
620298
1200163
61702
1257018
586112
717012
911648
168497
621587
548013
20381
1104579
919602
1218373
533922
1261951
651037
36581
1274989
628166
819105
239031
746999
804085
585925
608873
1219289
377544
114722
92509
918378
132581
677689
277337
305692
708767
704538
594554
477881
140579
783554
1089102
339242
498657
745271
459319
522837
492230
757032
1177887
568498
432638
580650
709065
1019679
1224277
288285
1273824
131239
197747
1038219
209353
212471
177114
1189720
667206
331696
62096
1057658
1040762
555752
107761
903146
862818
65847
725529
403209
699349
869475
778352
1044661
531815
641530
268996
552458
633727
1229696
295936
1128638
551014
166871
1071755
650761
659826
739282
644159
315222
644135
350871
798794
464699
822938
384161
9522
818662
625685
496183
716995
1123372
1119608
766676
1273864
747032
509646
1174946
1016086
1083165
574963
266329
875308
1273987
126640
801342
996481
234877
725589
1006541
1216291
277073
1210357
489483
512776
632132
936896
835662
123220
86091
1026408
1143637
447018
164844
746925
1200887
292399
136689
400896
744091
148604
587682
1263096
462211
647794
937124
415186
1027508
669103
184053
323035
1277436
843894
985579
1018287
546511
216361
1004241
860193
758449
528753
1007791
920226
965960
1167598
987547
280791
426004
402736
909929
108694
87399
199206
1169160
151062
64765
1008399
68028
1207603
962335
1245953
1008669
453447
932553
484486
725991
1133502
538385
609543
923160
564499
1143304
846493
17289
749894
1101881
1160360
22453
693143
1202842
575236
39993
685617
694967
529987
498213
23115
24103
279082
1222712
916532
314794
157809
611102
1220108
949583
264770
374940
620430
380455
1211393
842331
219892
368564
742442
435513
734649
90186
578989
1032324
1223608
1108394
167524
342618
975348
1077452
24906
1117153
84852
280391
1233785
946505
1157836
182613
766377
93137
1227021
718114
1242196
884583
1238412
287837
621808
1035822
417699
364018
385660
798192
1028607
301424
559226
292188
382202
782245
1275159
104316
97626
774479
1261373
81645
46182
483047
13888
278470
1140792
413816
1276760
253391
1198574
524144
166570
120353
831803
427860
598513
634938
409584
574304
727484
1053743
363943
110468
88829
84843
727630
603513
185835
504403
827382
166163
711031
294443
1170550
901918
841249
1017131
780381
1255353
745772
99462
757087
640042
655630
1182110
281596
855130
465984
1154923
201111
739182
572957
640331
1062710
994796
1260574
427020
146211
1199251
625377
1031350
196229
1003368
934864
1165560
1128208
356475
568766
2502
926287
130470
542150
1004749
10612
895184
232796
332675
888415
181423
759289
711508
672898
487368
1141390
688413
516950
210587
640316
766694
628073
490238
687706
1171427
1030185
1217405
79945
1261245
587054
1091307
572524
515118
1216339
663874
171957
1162834
428898
968646
144009
17534
296902
1171648
36903
1009952
1208604
1237098
472674
865893
301408
1069942
1154782
1157303
307014
1211570
1137422
548020
134469
539176
1212713
287333
645799
677531
1276382
696760
229440
454732
657310
107079
1010732
935295
831213
275523
1211064
661709
560211
904549
730749
942587
1042885
914325
524687
349918
520540
33318
3524
136728
1056611
734842
389154
1083549
292146
964016
1128915
415286
279500
55910
1107237
1277167
316549
979724
591607
1036667
160822
655968
611204
977706
1126535
1003108
272420
296002
2715
1024529
863285
500144
429905
580683
94121
1120858
506740
246489
909867
357606
2898
955430
977018
1087910
386025
698703
488010
68340
1093494
867769
938701
189085
324375
686380
1140211
1107232
1051580
402447
332015
837851
918037
266146
1155112
502916
372250
924651
1027407
238435
400152
708701
1130422
980508
1111100
478988
1186367
466930
309647
209234
1026773
870975
941595
304031
1275166
629346
1258374
1193356
988520
218677
1260000
713997
1150310
545637
101819
1274817
522185
580796
821234
1006684
1167165
1079135
1204726
580599
953119
469825
263668
1205056
353830
652530
456159
1048806
866172
1268306
986288
19968
706077
1035143
408789
744404
641541
502881
210847
95240
1041630
81521
117724
986264
588375
1086036
315320
696616
934335
42262
809235
1257169
766785
512565
349185
34036
1149745
445824
1039740
1216246
593018
464475
105064
753248
409273
38588
800900
1108207
156269
2866
890095
1253391
234887
1254863
490308
102703
11859
681087
129223
663434
637611
1083300
1062690
69671
29527
1054109
885233
685790
229454
1093079
1009783
365426
975462
872338
782802
566045
850539
327189
293197
970316
1124505
786195
58397
128621
32701
322329
853125
168669
503008
365113
116391
837722
531919
997072
514654
953803
50501
177419
458187
526941
712309
1203106
795224
1084395
1034117
509033
387936
669983
374257
493432
594908
367810
887376
1181006
101018
908027
656254
821500
993393
745389
809984
160052
363072
209709
976771
522780
609418
632469
317335
1132270
595347
827299
492387
195592
448041
128969
139963
292136
1242900
123380
1221192
1056501
74050
393681
817493
937491
115245
1246567
1106447
425642
829547
237507
289848
1037139
1165561
1237923
185215
756631
554064
444418
409200
600285
325328
255609
1041721
868458
923405
1179649
896416
252773
382939
39571
1149667
501637
1274250
818511
235933
193895
1087550
137905
577544
382423
47386
1234563
795221
211780
926420
200726
997804
27273
1246889
1039089
1276221
628855
338651
690594
1107776
197352
348887
1015723
1112259
60373
1271921
902345
1030595
520541
498336
1185824
526580
1222549
886054
21280
233960
819763
1055931
309295
171565
1148491
1104727
272881
45466
754713
1080833
1057079
653129
1031035
665041
275791
21761
720763
905816
186368
413226
872389
510945
644373
591818
1002922
885787
540674
179132
632991
921338
799821
119061
1196862
243657
1223407
785594
958510
139979
170815
337969
71744
655252
1226061
802182
1093446
64576
225697
483777
100673
142548
550729
85291
208234
754816
577265
889745
1134396
499991
244591
863478
587410
631135
963910
1117500
361755
819072
320900
797635
1042391
185796
591592
942845
330001
443256
1042967
1003263
494643
758118
519006
575801
158839
840368
1164522
253973
538490
840005
299830
1153403
911765
11325
909924
327960
400153
173767
725337
786598
617900
238985
723589
696279
111203
981660
884773
175155
117794
329777
713953
484994
1121503
554697
39729
446968
701564
925588
52134
109607
416527
426759
169561
1247427
844567
228377
1010709
509542
901312
168323
802064
762326
580398
1277545
635807
1268203
595204
460316
1188026
1066112
1109909
466586
1188360
513643
277413
1146983
1173281
1110801
463731
415509
1099471
698756
1148683
519332
207139
783208
941795
573000
626980
678887
78041
235679
654028
721645
1172771
278803
514310
392755
659337
979728
270255
654857
556173
698346
893369
847264
1017655
323373
1239444
434494
567557
1114410
1094181
249604
206049
833637
1171164
208508
545822
831450
286627
30255
913034
502089
552371
878974
20524
1272152
235390
205198
18986
541249
826241
51740
473324
791406
593826
725578
731829
305125
325874
148570
1014410
1276771
260521
1011563
900812
1160453
1033328
670372
470410
1181194
694453
1103519
143152
316553
853139
553133
1155230
1107079
709694
619188
956350
977984
899025
290881
1201424
922557
1084681
575979
873870
1084933
544043
311500
82685
590279
672728
113855
882129
1254683
661499
1061480
321016
1159483
111506
145551
1203908
527784
462978
774969
1032678
279497
1022653
706396
1219922
404035
1164523
1095245
561604
1235778
98607
776506
297300
1053722
833383
67777
408278
100245
254694
494530
916759
198576
324960
658603
1052455
302484
761045
1184507
390547
143681
677759
1172762
211581
74213
815142
656444
560703
432792
1279019
1275087
1128551
659239
175777
520375
599553
123275
199399
582078
1109
72108
447288
355750
147032
1007433
1123030
279092
841456
1144967
804249
1275308
551971
941018
1067549
955750
160473
564417
911555
913750
691876
279947
1072533
163808
535739
549457
989283
409725
1182324
171117
789640
910674
517813
689839
669268
548887
615325
380108
1044503
486341
578608
261821
332924
156155
1072338
532903
141618
395679
319081
1255680
1233578
503749
414345
172768
149084
531209
702852
1184511
1265881
264310
357843
1145923
630333
930432
750493
1000749
1058250
1055536
1253519
106271
1201896
1079204
385768
940567
487054
365692
1226548
9621
121760
94983
643637
1116227
12949
205193
1015917
1212792
895137
736434
1121162
46926
73530
10049
560763
756600
568069
73988
144242
1040016
206760
1211049
869910
698298
219290
808914
146508
995551
56136
452238
500868
460259
608680
1073671
664009
716506
741232
410150
891899
442802
1277467
736982
598834
787174
38044
467498
40907
331243
487878
1095907
603858
249484
1080558
790374
369437
300745
921233
224931
197430
949239
1106720
1199114
306383
1168562
1132714
231261
375505
297573
422402
349328
202431
903379
273037
1099509
204083
995886
1165633
336512
838836
660832
282937
111943
933679
1222902
803648
1155144
360200
359310
988259
982925
443922
1263356
728345
141310
543664
1014445
314587
1217876
417587
379041
80844
1016321
508630
1159516
507500
630833
292803
306047
977815
635688
81703
1015884
907063
739817
65481
555624
756036
345160
1080118
1222595
811598
771088
253814
61566
616865
653786
476239
25758
707842
424699
334232
32451
1072060
1147182
284011
764659
751191
4384
596839
1197379
157246
162786
681431
1157754
358905
1141012
849355
658089
856908
549242
793066
775939
54492
748654
855505
512534
743842
250591
141691
834959
457812
967399
905651
34491
402462
1178061
856415
228624
95125
961871
893030
3360
345730
1085093
290161
239306
913852
287100
1004561
1232941
531673
712517
1053325
812673
676329
851985
356959
651707
26550
1043154
389619
646861
146595
513330
954558
748152
897575
364292
1151424
254383
1072452
984087
254220
629857
632645
89097
864713
556674
376207
1081501
690555
899541
391600
103034
833015
639030
37039
942375
1069566
1090666
735176
1020553
988076
382529
480592
1176310
102473
467141
127346
599367
1036982
1162069
915953
601995
584950
1264532
427054
1117411
628428
894027
1113927
103280
845914
332986
1183251
1050405
181177
42889
972485
1126881
444386
364622
524390
1009711
936705
228692
767454
1182967
552102
959906
201454
1164792
87557
1030152
1187257
951277
4016
649253
1084574
446588
1209662
675804
885480
901288
716123
387568
30551
486367
203265
8193
731263
158780
216778
1002559
1248587
1243238
797736
435020
886285
62173
145592
495114
191624
1081003
15176
852308
184827
454650
342753
652153
691862
346050
347230
826793
146924
918956
139233
1259498
73330
686925
70262
236029
878298
1096085
1068189
578578
97960
337013
1041621
1168173
838126
888995
206641
758877
200194
915741
421069
1213622
1053528
406348
763350
403873
1129585
1174573
1054277
212693
1030166
483996
792254
652959
1206315
499746
269994
578285
1108407
286741
831187
698724
1095819
1094559
1219652
609423
536487
107419
627691
1138843
607955
50375
284916
496452
1047872
623470
263784
907395
865605
539289
1144441
148104
1001316
732800
103066
1223312
530488
1059117
1051512
731138
749787
1152207
850157
187442
420756
1201417
1089309
538798
1148754
1025407
548204
1198765
194410
257886
244734
654092
1155640
577435
139013
779544
418015
1058784
539242
921716
399130
1258210
579131
514450
849786
802210
1230718
924550
392487
374538
385002
1121283
1099458
605138
30338
1154129
440472
1264161
564968
1092060
865696
37578
178851
645827
495779
513713
428900
1105675
188893
1005220
342984
1036713
1124597
699824
245947
175422
1220622
1142282
780317
105540
162354
385090
267372
13353
1235717
1116699
635463
387776
738182
157220
1223229
924585
187096
700171
851079
784443
1004141
229506
651396
394719
232029
311657
20613
579698
553596
78926
638121
9751
1192629
354611
1220380
186939
1116326
199684
1131467
616943
907697
652323
334774
997035
42806
824448
111016
965460
337142
637659
541309
654678
148126
822226
1086206
559556
128144
84912
1124336
253135
949446
1125124
1108689
64545
972573
1140231
73253
1087231
1158367
256957
122281
951883
517122
928484
558753
1232773
791799
1152462
86016
547237
316127
259086
1259302
1256718
8898
1231612
1102686
216690
884775
485893
635374
571428
672150
70773
536948
625698
397205
32489
807433
989869
914088
361319
1129124
623591
961900
670376
205870
930885
124403
995087
189334
948820
64135
936960
89286
742495
827135
263599
227714
934700
682059
200049
60113
716034
460114
243265
106881
409881
524229
582527
256543
406010
304364
1279803
377135
1150383
933299
676639
821287
923923
1096001
630422
208626
1060520
595278
493514
1068928
607526
461190
1254455
285218
1243617
1076812
487911
639758
973172
422739
989610
676147
808948
1257512
337252
357429
876434
8807
605714
439772
986742
1055795
1043744
529651
960792
1093596
641116
817267
65615
1052863
288997
1006206
934533
574107
396043
577949
162421
838414
1252380
719753
483345
931707
1072021
539864
152919
186365
822499
275760
1019046
1253101
1108016
1129074
1095794
726931
536473
505258
892961
32053
526005
1237597
1216117
114428
534029
476165
751299
254752
386353
343880
945328
657845
1029943
757279
424404
222857
75074
104547
1037464
732536
1150417
541051
227745
214000
534279
247556
752194
477372
505011
623419
880366
636431
132777
726711
197522
755529
723482
1173910
135422
168036
750243
946563
75368
684731
591860
663072
50823
1033533
317119
1048388
239263
767716
24794
1005538
348020
626203
1184245
429254
930249
243563
1096643
256897
646418
143572
99113
1058215
1054668
997360
766136
142678
1188648
1246157
88545
197874
4655
228290
1090682
466818
59633
208124
266915
259724
339795
1055047
61630
305907
563932
216715
811139
918311
526518
99989
1063938
1220856
696232
133661
281572
1256917
1172035
1035428
877591
165913
786445
364021
212324
62764
375397
282752
20488
187057
1171557
1017773
6940
406268
240734
587305
1177064
162005
991016
1250950
23072
848687
1214776
419455
984941
121403
567278
301578
601872
724878
1260583
933877
569824
488715
752649
811270
1069392
937116
175607
145782
574186
1270646
451455
682916
466178
1038134
94339
1184456
1098027
1025549
726097
1150879
89948
1023866
701841
929048
728748
927273
691357
107626
245320
1167423
60639
471243
1091617
347811
1070469
648416
660272
669044
1149620
96965
519230
1068518
352863
783064
88866
381075
716016
163157
1214229
485542
656172
175715
1275479
1069378
1053786
479495
732929
675436
199944
93033
418700
440451
1093101
660208
77807
977630
492425
711190
358248
1230590
677143
122014
1212050
233427
921571
491595
741231
1100184
904087
491392
787993
504677
427500
1161180
117677
235022
20353
747344
449001
467239
80383
181075
1226881
193395
659590
707149
521822
1207388
1074986
773814
817575
359888
1278327
1277401
701657
1278148
930220
677230
1127758
678880
478822
1064266
214842
986829
260752
1099610
909130
1252273
1086800
438698
989305
568896
1242625
732486
886815
1009949
391494
576729
57359
640096
798337
899878
630367
979177
973858
961212
892978
940582
847992
1004314
1153227
18698
735262
172815
537789
166812
712596
842301
312138
655887
193553
222271
755997
463053
192303
373134
238645
951921
1001376
1089746
156583
1189969
622801
713505
1089056
154784
772683
58232
293300
104319
838039
1110522
548669
303901
900016
1085723
418255
421724
456723
726957
1051888
1079944
75807
23166
310616
830713
1023744
90047
835617
372696
1249687
534041
1008142
450923
470749
117676
544087
502431
450984
778061
1098359
710976
464286
570701
646588
1002102
764288
1229926
956481
1058294
1213013
446995
222871
1140262
400576
459782
100184
148856
62641
222293
458539
253195
444033
1133414
657533
373007
1000992
719281
22798
581288
229887
815055
942156
1221802
1017558
834896
489748
351981
1194500
618373
905636
104592
1026987
885910
295722
537384
567922
629392
983955
442644
407679
444188
947671
976287
757084
749221
1021204
811963
104251
698551
261039
884902
788635
697296
1107889
205059
920842
578371
791329
643892
518105
809017
1221852
1192252
196706
392435
758814
336024
1195383
983523
258525
1266027
816802
1066674
1044198
156567
254839
963010
428234
494369
577064
1136630
693286
1086093
1166202
606926
1149815
439558
1057013
174847
411913
495882
676317
668926
288425
1106263
471027
292164
613731
1124062
753645
672864
197428
924766
1181205
758539
1205950
580401
1010027
700790
24069
1021701
1025233
284856
90772
1271060
314090
512788
999277
964573
629728
1063777
951909
652361
488610
1261670
1223814
105180
705127
1030431
915566
366769
619593
941512
625199
160049
586950
674643
48483
928209
454350
1157795
46145
367317
571193
29236
1170234
44776
604074
827111
788878
1257318
148002
1259172
739012
615856
199204
315429
889560
190899
179021
1102021
739992
1175125
328502
823058
1266307
888585
8283
963850
101666
209279
994913
645266
1068184
38096
409302
34882
856647
1102594
1040537
162395
229616
1058305
332240
636053
327506
59617
18558
488822
1132648
850840
884901
745423
958533
205197
407475
525213
632435
199163
4269
113964
1178764
454582
1260803
29186
181350
980111
629984
913317
79867
922925
751935
941797
669847
1279925
891519
551806
1255691
1255088
296447
130379
255155
548671
1143612
901490
354476
142001
31936
784650
381678
855070
451872
389150
242334
818664
247349
711948
141711
96487
1000180
52553
922275
907981
953861
1173514
1134280
1031927
552920
830223
1075232
616259
1131589
1013965
562342
1069999
842985
267684
227617
859589
1068152
140135
477347
12367
555109
22492
425530
11862
639337
300066
812314
1242867
455249
1252816
48019
1195832
565028
978866
268877
389743
1107351
900279
657247
276570
570391
71845
1146551
715494
382326
998706
320270
1027918
774321
935188
502000
497858
589803
491087
737906
782265
706319
210823
269229
936036
652346
270446
799757
831396
886637
304090
428903
924619
731319
435086
1259443
429881
1237201
965410
77969
1054115
259636
357132
423170
177284
196211
951527
667151
798552
353601
859647
82680
1079414
966363
197078
1004565
80286
1216336
319289
604535
313897
1132156
1231759
867590
562481
392003
1205939
864881
892089
724718
819787
733638
162516
838046
544440
1115226
426626
1273778
159599
1271291
166562
961611
23744
1251848
254769
741861
724180
631998
196611
908157
1269564
1211197
801561
154398
17725
328993
163078
1268898
1085122
312582
753239
816845
750057
696716
1239626
914809
735210
100096
1168202
193033
934734
271406
802000
1093326
724882
880868
966336
965073
221791
678033
679135
696566
743252
1035962
494917
1269546
536219
206330
1248005
442120
529030
554669
996626
833038
1186000
842870
1130682
720400
825070
1199815
737917
854516
284893
1060615
247938
529772
294048
48994
939075
680476
1152680
766310
1064044
990716
994812
616302
990698
844103
681717
606520
907693
1011025
375954
860777
652052
1032027
794477
488850
516125
195975
658518
287129
969821
615122
1273025
165166
462273
137158
1215759
22679
553573
1004831
25344
1093207
240383
314807
1262235
20843
632667
433284
116538
1123678
396852
314394
694598
1061297
941222
583586
1249274
715499
1068145
787005
352834
1167376
754591
754513
512743
1084951
760573
947216
797377
400708
1058535
1172219
927347
55300
421634
301179
634380
1029341
166870
915927
1060464
207004
1164238
918029
761424
1173638
885778
871100
424886
462321
406161
802906
198171
685285
915080
324702
1157227
630361
262134
507760
1106177
88766
1073089
915418
289119
54805
932218
480549
1020512
907171
809296
95140
825344
522840
100111
883284
746960
180634
1201924
1071901
889559
507722
193548
507586
100027
1038765
1198911
734692
832178
1176443
1060084
186733
540670
298102
108260
859872
83265
904630
220923
113872
791198
915813
115400
614498
102887
1077032
371636
1104600
1059880
1059410
660728
365817
657732
349260
496414
426299
1136157
914692
1187218
1119749
738477
1174674
1072870
28667
1111032
658033
975784
1053347
742133
991768
996185
165402
114700
333486
45083
547213
878291
46863
987993
65065
127995
922386
66056
1207966
1273509
629325
1166365
1018365
279437
39975
492729
92809
551543
275459
697736
991519
740946
124786
1047043
391723
309837
380076
542403
623520
684912
1013893
1278034
836809
921731
1133820
924737
430324
257485
116142
564448
188133
382486
200882
609779
1166108
581728
368078
15295
603011
4611
716879
571204
284685
782358
65220
919597
555772
809138
28451
1176406
175587
438850
317835
206250
796052
103498
38688
1195457
721858
932256
242380
594118
367327
739544
1256953
517333
801774
991595
132267
147625
383062
240397
732624
563238
283757
191393
511141
1026298
931092
191551
172480
278276
1268638
762135
6224
876917
701737
45754
388566
322567
536579
859256
1235416
2952
1090735
1232848
173204
91353
689255
1131411
1044326
1264912
178982
557505
327944
785091
1043015
792591
548190
701703
495987
266685
291076
356902
860352
895985
268288
1167497
36832
869140
64463
936650
791401
178325
964267
233150
813533
741333
407100
1145348
388702
537354
1145514
565002
915547
161291
252147
554080
94859
939401
374431
200042
144305
892080
562499
1177755
60241
1152330
453420
860138
674455
74640
192470
1065954
1057809
972816
569532
1161851
877211
83310
598212
498016
330592
147762
586797
1015083
591347
459717
1018831
9490
120964
1066690
247362
948087
881336
1168721
733677
743231
683225
301732
627622
1160070
504501
1024136
111787
492521
892050
424226
774084
1195835
426625
889637
771204
90833
961630
1601
303236
821531
1055085
1145363
801983
204671
271191
248778
934340
469347
630673
685007
1240154
522361
646191
408682
654355
392387
487824
743911
489222
182455
570640
886704
343357
607778
521321
168658
844203
1238967
261779
722188
141293
554384
419822
451103
1071965
1142573
761008
888029
655998
465018
1078411
829736
1043256
88922
871478
776985
338004
447532
192273
125583
112857
653681
142843
1090526
601240
707076
1000437
897142
213852
1062481
350770
843369
156161
535749
490514
1208668
356836
1035652
540169
518479
874491
496450
509557
884767
573514
855708
1056177
269002
154937
819103
236057
134041
654764
543191
687942
1215848
589556
12927
984824
57763
901959
89796
818643
974939
1008406
1106001
1272485
958796
906707
261194
49022
227027
448660
536081
61907
316951
1228918
480816
330970
1219123
493371
661460
179227
88614
707223
507099
420452
588872
1164650
713037
561048
51899
220866
448178
833715
876096
1212385
1047981
118168
492762
168816
1054792
256805
217105
1072027
914825
170052
127067
239967
773796
503308
1132974
747770
13795
766059
1068505
636066
1073432
962139
261265
566418
172479
1187137
129868
960798
1057186
1183285
1179312
709661
166820
584628
588817
1261871
280887
1139620
921709
1273076
196282
343258
414370
34946
547516
1022788
785205
1136317
209407
867507
522126
969523
975837
149575
1120459
1101481
511589
749948
521799
465254
161414
1057119
1150717
74431
834919
1228420
970097
1186290
74217
990005
1231114
695683
517070
747941
250452
384034
1217193
1050895
441164
332792
480441
475868
259264
300455
1037536
447068
369225
260407
599786
782806
556785
573744
1014458
1015546
700412
331215
825282
1185439
355497
33233
1082126
302995
223224
952115
1022578
70167
292222
1115565
854407
1201736
1157345
754240
422849
1162581
163660
1204022
499437
1215161
834924
1262516
983174
978889
748220
861138
437679
1276961
794784
779024
581363
513760
560490
1195263
1088052
164805
1021786
1116284
630767
555353
456679
1212193
471972
896751
750495
336899
522121
616904
371078
1005508
1091298
1013029
822737
708134
1152717
761032
334316
1106221
1226945
1144130
984749
1120076
765371
874083
274913
1156682
1273590
95784
732155
595702
196082
866906
943627
570026
324128
1178276
862351
964361
822529
968181
1042620
679609
264333
136124
408834
1041978
191420
1091731
795588
1032048
765702
108389
112372
835040
108453
506522
454625
5573
483114
1241094
989533
183163
1231963
843273
449903
794917
1029419
1166490
305988
1254721
333337
594230
788807
534343
148412
101048
1270259
305543
92278
72038
471777
750670
490620
397379
494416
579118
282706
389969
897474
1132771
686202
1038254
387847
438728
64058
992579
385965
927781
521205
1231308
29895
721643
234216
1269198
1110079
926453
1027365
461679
546515
1251265
329222
770706
334600
987387
553676
860159
388328
886320
1179494
356580
455261
330683
804251
1083888
265282
473356
348408
147085
86975
39814
1238202
1208759
368899
1041167
1045822
448764
1201858
632588
1259772
638004
1047
403426
194858
941115
411613
18225
308897
21266
1098659
262971
1000574
923180
772743
423051
827115
753228
753772
434315
904664
653466
736042
774265
16088
1114412
1252105
247557
712208
43487
154958
209992
757767
467025
92304
567003
796896
377863
22010
665644
786917
1241893
1002897
848074
1275136
840677
25154
656797
192180
663252
553830
899725
1220604
789305
988321
834418
105520
916742
1195225
26935
292522
1270983
827819
899537
675809
806990
1137851
1218940
891767
719302
1254923
566701
697877
1120762
778611
897138
659577
540427
185609
179135
190989
77576
943061
1093696
827614
723957
606012
704994
1132612
671511
1028572
1244056
926110
658931
199506
340745
423638
293151
127535
200944
817464
1092430
157463
1107504
706846
1031570
259941
229494
764013
693328
1135242
591679
960014
435506
1023741
208530
943541
192459
247604
62315
230154
1090681
138113
1237889
827888
573886
667049
894524
21424
319615
660023
935634
134530
381905
769502
1203130
664641
125481
408085
114858
848557
777994
107718
677993
1055970
202157
689093
860700
902234
286397
714928
920250
189332
531060
423072
193069
1134357
43204
196939
543776
1171422
371554
792369
319916
16071
619569
1271762
216132
107964
259073
1119006
1275579
1069514
862420
237795
147712
672096
851454
892739
861718
281109
1174807
678445
940223
979738
1037428
25352
422036
1142245
969238
679292
527809
945643
1267663
353263
110271
365279
950507
869464
1277274
255464
332835
21480
915428
312708
1050654
919137
124619
1124281
533621
1205419
1180401
969911
17446
9565
31521
1070649
176385
155064
266739
734274
980842
623483
158627
1279934
347210
111618
922525
788696
612629
924557
663716
1247291
804424
1190761
1102441
405678
846986
774648
646466
872909
60837
657881
882529
1051301
1167236
13488
274734
361244
401652
592189
1104492
405036
532442
1016776
501027
527841
399250
227420
174939
308637
76786
1094081
628852
1228056
701158
604456
293
957614
1084149
790494
461530
759990
1017383
647609
104145
829701
499496
607621
1069319
510304
10715
415888
450886
1171410
1088311
1035085
915077
537502
661987
759992
514360
1242990
316781
1034486
1218576
960989
1052754
604167
1220412
1122938
1030560
133599
222509
41649
638584
219421
44838
1149097
905264
659611
657768
440246
890886
1239975
41664
1094674
319299
108344
406855
146946
3312
831125
1246397
1100445
611141
1245800
770512
198021
830582
419678
949987
1034470
195542
308180
426657
801350
568825
414313
1026172
392515
89875
1117987
330559
776159
154109
381769
141568
119099
569055
1029523
558026
422221
227415
272016
1144832
782269
1073431
108778
682715
729671
381637
755646
580320
886691
633902
1158919
1187662
1108446
617577
187772
1191658
1143073
713254
1130138
92662
1219706
789656
1211855
1025353
766329
71487
209354
897504
354285
1000748
1243865
1151923
1065697
765600
675616
641333
752277
820943
870869
692537
104102
1002643
69301
1110838
7214
808395
478633
759676
424026
52955
1206124
82305
11921
720253
257705
421173
954897
313672
1250428
489554
583542
99936
325321
78603
1247847
234595
210105
361273
540783
1243665
126536
248641
148493
275342
692278
162044
285406
409589
462450
836120
1039241
258299
292373
873175
909188
1182154
53041
411018
324596
383189
251205
246849
519774
97413
703720
371744
547319
1204076
120149
193225
614235
1129527
1249005
1000109
245715
1166818
1277065
611716
469229
1226304
359411
303008
670188
537517
993784
816003
542497
886558
495595
281319
100101
1042614
1080716
971984
92005
1163248
646607
1000668
1038209
22417
642555
654682
129768
457128
413279
1261524
198850
686891
597909
519402
913259
415068
834580
192834
1242824
743545
300819
876627
1246920
775673
899349
226928
496731
1232496
394738
162120
720015
1038016
321245
950925
1041028
46244
33369
163968
578283
198719
183811
520776
757545
268692
247094
87714
1090571
283331
482671
917521
944891
726437
894016
824818
455566
932346
894440
1060750
1148679
1215411
1137068
1165092
1115472
964122
1015754
767361
843728
301652
61501
351430
518794
1007605
141246
676207
1224883
1220528
459534
103202
446388
976283
615019
144848
86269
4588
297263
66962
279860
148306
1139811
951513
686118
423742
144313
378687
1244457
416390
498331
1054642
1169015
1088498
794919
204268
100014
940208
1023334
110012
1099524
92654
430820
1123352
809635
801526
309960
174227
957899
209957
928000
1206581
198031
960800
90279
523870
743051
1024782
1176962
1191459
1119481
266264
404987
146120
627698
321048
401591
1098956
1033608
212365
473675
1205303
54196
64867
734625
902917
902636
149860
1004589
676855
850962
722034
846238
268760
678950
684279
343362
566098
697859
316337
1055687
348369
467744
1021793
1183949
129975
866652
1108800
961917
413140
940763
171568
306649
319383
599006
762691
886915
969319
1110017
1050812
102482
1120981
726332
701981
419396
623024
617023
457286
55432
1112631
1047250
951011
1152463
535963
428498
356194
767645
307247
537611
408184
556144
187015
907971
225557
469149
879949
1237711
1168581
571721
188293
563161
969232
1157840
1142701
1010852
953239
1024611
156043
896723
1037621
829490
84641
673695
1258487
393354
354197
288669
879116
1217351
818627
414185
986200
1241937
884561
526928
1162273
739186
148849
5716
741639
899683
1076998
517548
1065388
571943
670398
713412
126138
155059
1231855
819459
1154107
919769
379609
349077
118282
786520
647200
1121741
1074112
490088
405561
205171
788346
624477
202668
960466
920727
773300
608703
699439
1040803
340303
1162575
683809
833681
584699
522733
609985
538835
470325
239507
702859
882512
216414
1194802
244350
486401
670622
856060
39249
1000381
477737
473616
495586
198182
470211
200266
254640
1138618
373331
318283
23886
303026
1005010
614704
609897
62257
239514
253636
1238687
747848
928082
1027964
72523
8565
75750
1212599
279884
209362
1187360
32730
767783
466168
1183293
738834
425497
803682
798859
700841
304124
812533
132348
367204
1149712
413720
469670
800178
466000
1186026
831193
793381
119046
356157
972350
270734
1134251
434468
777289
702999
675317
160731
173160
384986
462922
21354
1253381
228349
867774
192358
724357
1098060
758396
648708
276433
1171402
1075329
133530
702094
1015396
384212
89882
450205
182166
201044
297686
773689
194851
744720
305876
528116
1229966
170050
897396
36162
1263165
1092361
741068
1083904
431204
1236659
1098306
1043314
1118343
552510
890850
807212
517398
1228697
758236
568451
664226
524363
15011
627586
870927
1191377
822014
446334
225969
776625
357451
837273
806133
855907
693199
880113
158010
1238286
506506
519885
275513
1039464
353398
907148
1229492
653253
1029536
107064
631751
1063720
1061515
422284
1029052
444655
709032
18875
753045
683035
1274310
101348
812869
15516
667426
467836
197916
174602
37618
536010
92341
916255
316137
1272078
669253
636659
895765
600504
977959
252206
1097788
36448
475879
833444
585637
1201438
1068090
1266280
736081
246415
721017
1028905
842780
1214762
840616
528437
386537
247732
776922
1236154
365214
712326
362478
578790
387943
495971
1112284
1096183
350069
155055
739904
110671
1131033
1091475
1092336
389132
27705
1239992
113743
77254
489264
322102
854349
799175
53131
721631
1083636
1179710
1094055
610491
712624
616399
803665
1096676
754233
275624
790560
412479
1100197
811166
111960
1043721
54705
592226
1173856
763409
947409
323965
1113710
568509
120140
444604
267050
235556
784979
862738
1204050
1120251
406657
863708
636731
1222016
733636
1066867
195585
1203218
1006562
23830
78520
141761
1168702
993525
250546
1277059
541227
190280
819782
1266466
1089794
413017
941234
1050234
1212077
41220
466080
162195
273603
161145
562739
338493
581972
840925
119654
1227384
1103764
637263
460790
947091
20016
323711
877987
433170
1194339
322303
675657
550816
782540
548445
444111
433337
894813
105903
167040
1217265
442539
465602
11465
123357
114207
59885
707511
1184677
114995
1048341
649820
87717
1063379
909694
910901
594056
326495
860767
315386
1043727
855863
697867
55626
1160057
300014
1206587
925284
812166
88958
860328
952715
1024844
496294
697303
629318
677205
902833
692825
1030957
1266328
444948
736520
1080990
47008
232491
970722
610321
705225
513648
524050
430152
393431
1084703
202577
44929
124147
1201157
769107
855712
422304
221197
1152176
859394
16637
638826
425332
48399
1252965
1260737
953049
1177189
1136650
808230
77886
920433
837145
917247
720753
1017444
340477
1208598
61573
338056
892629
1210653
1246348
729209
106065
1027651
488832
151382
1065577
330720
917030
1221421
857115
700762
628525
50447
256052
104994
1071218
270175
15888
750587
1139102
422415
668172
117358
1256542
1233240
813663
861281
108039
987817
902788
1278244
406989
959877
581577
810705
1136455
131542
1122988
628560
1158247
659689
649232
555662
578571
535469
869799
804667
980742
31658
366686
1199520
276168
1171716
317998
210539
876041
203306
120743
296006
1162807
98611
1098958
394969
845805
215584
159213
302548
1248476
155403
560359
461101
556582
698095
1218077
819919
1238046
871233
139968
384847
1074382
145587
242081
206527
131494
33441
402870
824163
661241
141167
358204
1038241
913408
340760
367616
1162343
1202515
250669
1112021
526970
319835
311513
1067807
488147
308249
666115
1071010
1237485
1117070
237101
293594
24566
594072
1148183
803728
949587
620040
345717
853811
217556
501716
25174
915930
986418
367631
1157873
275856
515960
903428
183103
13842
684285
743942
350626
155981
121155
1159845
722815
1035472
469936
100020
668095
752939
740270
842228
257012
628938
950072
450701
1072387
427831
462837
793292
225927
672438
777254
1087180
389095
3222
668627
666839
738092
1168165
1135057
703068
688217
358350
351478
1198251
1199166
977226
1237849
171966
46956
281088
104075
797199
989379
641989
652998
307200
125446
481581
317326
245617
353993
1183830
307070
1100194
807062
866858
596811
963072
636067
1104946
462251
877699
808141
621718
1063544
281814
948832
1115817
1200535
49411
14394
312755
1096844
815396
375327
1263634
530934
679693
919799
1005191
1100113
1131718
605869
98457
65518
132168
186849
575384
771945
538920
299303
821505
869205
1171871
804300
871452
864882
463369
1140669
483702
267874
366021
524057
94064
43283
991309
308743
1105502
307366
394528
392315
603692
10220
200444
188121
717872
615311
941296
1034765
1238561
59756
146157
357473
1096733
1070588
1012194
1182909
1033668
1009210
1262429
1135820
697149
91290
509518
270582
599490
537249
136393
550013
1038742
1167023
532729
1277125
365695
926349
361241
1279954
256884
131993
124250
825075
1025344
294830
222842
987015
709714
409310
389315
1157993
322487
33471
272435
284078
826525
1152029
855464
740641
439894
1143268
1234677
911149
804756
554818
608811
1119120
613820
978049
842533
9525
33562
889588
382365
360333
11837
346130
7302
324774
237142
757957
237806
531761
831564
361899
258432
662857
883680
827894
791651
717726
23344
1173876
712335
263234
468306
1189036
339100
1243355
338489
700217
829288
1033145
579502
63088
1137547
687537
989883
101105
335745
954777
547681
551479
743144
1002894
588225
336850
791397
786389
1027333
669856
552625
916350
948925
361276
558204
1001212
1220643
245131
931100
939332
493869
1199773
1063501
1230347
1221055
936387
585011
976041
575037
705440
568723
342450
1046447
945922
1212154
1150847
288906
13410
103956
155836
773123
806219
927685
1001259
427202
98803
725443
1070525
514840
1019154
881792
37191
1157991
76188
1047084
884818
243458
298749
630350
1114230
1129028
1221277
159757
823033
25557
224354
990607
1123022
625053
630185
282942
325060
224100
11668
586141
933118
411056
1170769
694760
511397
492422
174278
845070
1082188
954479
358446
876844
1190968
725397
670311
221001
781159
354968
942765
1184584
872645
826935
786006
563410
469008
332625
173319
755814
583127
49734
305805
1053489
1110403
959375
139158
877819
1072738
67633
1026521
24252
1220631
1149300
71805
268091
453700
1101554
1023367
393180
713403
1093747
1019463
330315
285375
376695
1088219
817354
310649
326952
438409
561056
1153616
115631
1005900
835522
790295
360104
159043
1016531
1189718
787577
1102474
168166
1073160
875432
1192984
472102
775300
278183
1031361
695533
205837
557924
495620
1242893
549949
686190
396714
183235
491582
556846
1007466
1142247
560310
7917
1233144
906531
687644
1263535
401700
797671
416397
1270640
292153
32981
282894
1119559
1203159
601244
785380
178923
268951
673913
740265
546193
338000
446719
44824
794696
439707
1022541
1092803
189884
737804
1166440
362
434701
877508
25516
994678
434581
280439
1260285
619966
569571
906952
730854
189837
324247
974906
955811
805542
489963
663923
1196956
68667
1188954
842773
116777
1060531
1247295
387447
956416
1223282
538596
305439
558350
450988
326171
110537
684028
196552
1009211
578839
890576
1193109
1259234
1108212
255362
915190
931034
420319
947065
828177
210238
580159
180776
206004
943042
303742
1004802
233775
1174551
272210
778788
766729
694579
932297
915066
737518
599694
1229617
1090831
1085676
495191
520142
1052806
213736
445369
1016437
233318
271457
394106
416192
897722
1193346
892414
1000528
1209221
1069546
398076
13778
92301
1239394
96118
494154
656950
1255929
246471
855579
1218248
88246
192852
435851
767463
791644
766728
65434
305228
57830
668161
656840
467337
1042070
830033
847564
238801
304056
1247979
757501
313094
1209368
139218
538713
1198498
1161316
610680
188534
624554
723861
1085109
154983
1156408
469364
162242
825197
390034
305032
341147
346654
1014739
1044162
1172702
620634
44375
1200080
968071
232686
1086172
933064
945655
319840
246514
896334
832453
819380
838946
953782
294282
814269
124015
949664
831384
700515
515810
88254
142122
942995
692777
521298
1184361
881087
821164
149368
239196
358303
952991
884470
1050719
198124
123926
231319
1167973
347000
341755
717924
284725
274816
357459
1230881
696944
1168686
231967
687280
438805
113475
582275
845710
121341
457264
777324
425898
1225712
52602
472592
909998
659391
238797
1261832
328329
916960
679205
112721
212388
1135424
522692
727569
373174
472123
906960
851711
998668
667496
231080
671947
767810
9815
1141342
1210097
1105900
652584
489561
1010646
174409
962391
1174886
929015
997775
468080
1228895
405098
23156
994055
255367
1257878
445942
1151930
1027681
1072416
490446
1092838
1192373
431627
938010
1257594
186928
1216810
713907
904265
1194600
38595
1045122
40393
324576
681789
1272690
982276
987774
1114888
301409
53811
274226
940881
20636
958121
138131
861824
135218
443964
1149151
238002
1153618
187795
1174967
278136
682625
386066
446944
257365
11694
181335
102461
1200995
1106237
302187
710686
175979
145191
269600
948751
297862
759970
561580
937721
671554
436999
958682
203553
249644
966045
267230
1101934
502565
1025729
135793
572826
751398
932711
1223189
1269399
134435
1239916
209591
265130
591903
433981
1043002
1177523
569416
1179849
462749
266457
66608
319175
710672
1183708
900856
743028
439437
806547
132275
1029988
354347
445114
763110
753320
712813
1053124
417506
152726
1087072
871441
741369
508356
952273
815151
1022363
359438
1100196
872037
1028299
1083872
32529
1262613
414812
966444
679983
539217
305060
734175
228105
653451
106938
1259606
659133
12737
377413
261393
1075511
527899
452939
133540
1237408
1267775
935296
906582
921794
1241589
1142363
131848
1129545
830757
1138247
451609
56888
983269
570213
366968
808274
548969
182287
944095
283527
656352
484296
64815
835279
814224
1227917
1221846
716998
1163913
43947
34505
88445
1149737
671788
958660
132002
97353
1067675
574157
316903
365529
307616
1099658
501386
782435
656649
1024268
165637
368687
979983
154519
738675
1110075
658188
845185
556564
497231
704836
1052296
1039596
697590
110653
894344
280210
125617
910324
39120
1045504
781411
1273843
615585
821233
1044359
474877
588720
385821
1146877
883975
991143
238281
1273389
389070
1144881
288844
485170
137046
348527
908929
698115
506921
553456
573962
145008
91998
648292
1171607
296071
310809
47541
27649
199570
1151579
1233758
868739
467710
6515
588205
978372
170856
472855
1133061
346252
613377
399326
509171
340177
817530
174612
1074227
573585
413555
852433
171860
303132
590620
1169990
651069
697613
1031906
997174
1257118
581706
875407
334053
900915
191088
700323
550374
1130997
694998
53192
840248
1134301
501005
17380
930279
888488
52938
186069
284459
221412
243174
589506
185477
112698
55859
208296
764311
1186374
17144
1047755
60694
1240374
459444
1074825
1258523
421412
975445
270383
171062
1061264
1027815
448888
930202
1169084
652349
1221727
637282
920259
10279
489734
1250466
207054
371871
651321
849969
354932
433239
1247575
803296
576094
13947
52089
311458
1124344
191667
262172
374709
274843
314940
1020579
397139
1028998
96609
1273366
68169
1059408
333415
679340
324072
1279869
574372
722613
1088895
159876
1266645
402179
1188346
4446
548212
875103
549922
987038
1062171
672136
1222821
823121
1122914
28820
334620
66570
611650
1010670
494356
806426
409045
19346
92530
347255
898567
204924
1159889
66405
398277
1085950
895540
765533
97386
530541
1262306
664254
257441
890241
799228
326934
612112
894263
393295
788156
1236141
1043148
627500
650744
907739
919386
63262
134630
650767
779690
1205311
1119101
429028
760005
720775
222092
241439
335909
1070435
996528
1033560
643075
418784
283455
1097125
779440
1034021
203717
381362
765158
80140
862672
674742
359561
303808
692814
1112427
787825
164461
1161215
1091343
1235773
567941
1234165
211550
197585
311720
1070873
1095471
1052514
972155
80410
448226
203292
625902
1112932
25845
854170
338274
375020
424939
518379
83460
835041
956098
91549
228267
362579
828661
1202758
620076
581147
681754
958756
553038
617029
1218462
1264414
558531
1206250
271276
12874
225512
1272031
917665
731028
252127
1044739
986672
552952
293649
648342
910476
874082
1257882
432282
162834
1217923
779352
420067
449134
237366
986191
737639
146166
339232
209349
1267639
1139429
243076
225869
604176
1141072
848122
1134968
1028609
524764
680887
1186416
481683
943122
127111
663756
809947
368402
554146
942690
538618
537473
567881
851672
205503
647729
1233177
1145229
10623
31024
18030
475230
291365
270284
365326
780203
1110378
774416
1146515
822133
74788
995624
621788
211054
93278
541661
139716
26392
839574
839876
561733
664400
926556
431221
862317
258375
31792
28383
950349
271512
1025339
747634
1050230
252901
107093
904108
182483
1245322
345055
821507
392564
927990
27876
619548
935461
484330
590504
1250257
802404
828856
1182089
119738
167625
848833
1250752
58644
128588
375325
1046704
531716
1058739
839869
498040
1045657
154554
410635
1074918
754341
355874
933716
475238
676738
579741
163835
388853
420640
1009503
146574
652148
984024
506556
1173274
33079
323517
1211358
976578
489323
879669
373301
488582
1238889
837353
8575
175892
1269504
427003
947926
1042003
969501
184212
368541
153355
1123377
1094685
162872
269955
600376
462871
1098725
666658
514144
336667
417209
643015
1129565
203632
229781
258359
1112548
401257
933451
286981
65130
1251937
426259
162688
982504
1023445
406168
296123
987474
161285
295752
600235
753157
480269
1263605
974732
953316
549028
832679
308874
1197004
61757
135503
378564
671020
41538
807986
478028
535115
162178
1232709
939156
513805
1230946
786584
563968
301534
678822
55339
1106516
314047
1217950
454971
1238582
538402
399535
127320
486546
1261076
308702
531365
1054749
554950
549070
179064
660318
203258
665296
399021
87537
520566
533256
58254
560956
54546
694606
915226
569094
400826
599965
742590
901878
362086
1165196
571102
871279
22361
315154
502516
951760
1028814
495276
63197
288895
1011729
905793
1213575
823520
186620
633064
773883
321508
706772
1038466
1146940
1084834
252441
726577
992812
459646
919391
17100
858300
370867
255889
1102679
701844
798791
864350
149199
1192203
999934
119422
711646
947701
411423
325684
325331
299460
665446
935018
285878
1016163
566354
771551
643207
479353
72882
671326
693884
498711
536565
370245
18101
488546
72012
866252
1144424
2920
87510
656086
1008249
937201
221286
842669
34903
926041
840985
535986
909985
259499
730381
655189
578759
1183395
392986
16039
684062
529664
1067252
1021996
73309
485479
1087447
8597
445669
382785
55112
609387
866704
58443
1168036
672148
55896
6094
514764
362020
1180176
363725
1225027
256843
1127213
375194
824988
863899
844532
967140
699282
695111
223547
1266719
46914
370548
145584
1091252
866681
1218778
1256865
129054
45758
1028633
1206952
587887
295336
310282
1104200
701233
108324
302684
155977
477051
469720
1138114
766651
1034799
972289
452918
7250
915102
697648
919174
664300
120641
91190
397933
365121
1232486
867078
386126
789225
362538
290493
1249369
1136365
616435
654578
472273
1065256
1078729
516735
1167893
733191
146403
116343
1277217
510610
1026003
1162818
685141
555825
6376
1141218
1027195
1204740
315574
1112851
32094
304460
879266
437790
834839
547402
965465
699615
1211526
853562
941661
735468
326671
206441
1168770
1177989
537093
1070285
688381
800144
226996
269887
257893
1048844
3520
1083235
567262
498626
862065
558325
386540
1095394
217246
1089500
1178148
856187
571240
291274
294958
392132
936545
578229
86179
1012863
782123
996429
662673
1025105
719559
897306
1088013
321325
364033
693939
952510
757322
502225
402850
911981
522007
594148
718195
122154
230365
1240319
1208015
416531
1217862
1266372
732444
886876
1177552
1175451
795785
767545
194696
618137
88732
420498
1038511
153486
737830
562777
539422
159262
1077716
462134
956171
284057
359222
778724
510381
483058
1050963
772116
1029895
581233
1054351
671855
315341
181767
935139
71966
203295
1136990
1048356
115074
383499
739612
74136
292338
841105
448977
878393
933714
1078774
125390
204145
370615
545393
154289
134415
719381
1165542
755139
937429
1188050
865050
1209536
623450
901452
1213853
139027
1239924
56785
3948
223740
198162
275204
194324
94391
338084
344331
904376
837844
664123
459140
886649
99423
486070
590383
449617
914572
1132068
78073
754709
636484
641820
146811
1209588
66307
409632
692710
1117156
